(10508, 11345)
(10508, 15136)
(10508, 15626)
(10508, 17002)
(10508, 18795)
(10508, 19523)
(10508, 20161)
(10508, 21548)
(10508, 22890)
(10508, 24636)
(10508, 25056)
(10508, 25875)
(10508, 26895)
(10508, 31800)
(10508, 32068)
(10508, 32269)
(10508, 33747)
(10508, 34941)
(10508, 36121)
(10508, 36169)
(10508, 37213)
(10508, 37668)
(10508, 39978)
(10508, 40062)
(10508, 46625)
(10508, 46843)
(10508, 46989)
(10508, 48323)
(10508, 54945)
(10508, 56001)
(10508, 56295)
(10508, 58512)
(10508, 59083)
(10508, 62639)
(10508, 64959)
(10508, 65984)
(10508, 66606)
(10508, 68144)
(10508, 68721)
(10508, 69042)
(10508, 72667)
(10508, 73006)
(10508, 73621)
(10508, 75139)
(10508, 76161)
(10508, 79706)
(10508, 79792)
(10508, 82716)
(10508, 85683)
(10508, 86046)
(10508, 87757)
(10508, 88007)
(10508, 89807)
(10508, 90119)
(10508, 91317)
(10508, 94993)
(10508, 95006)
(10508, 96460)
(10508, 96586)
(10508, 97007)
(10508, 97044)
(10508, 97446)
(10508, 98731)
(10508, 99746)
(11345, 15136)
(11345, 15626)
(11345, 17002)
(11345, 18795)
(11345, 19523)
(11345, 20161)
(11345, 21548)
(11345, 22890)
(11345, 24636)
(11345, 25056)
(11345, 25875)
(11345, 26895)
(11345, 31800)
(11345, 32068)
(11345, 32269)
(11345, 33747)
(11345, 34941)
(11345, 36121)
(11345, 36169)
(11345, 37213)
(11345, 37668)
(11345, 39978)
(11345, 40062)
(11345, 46625)
(11345, 46843)
(11345, 46989)
(11345, 48323)
(11345, 54945)
(11345, 56001)
(11345, 56295)
(11345, 58512)
(11345, 59083)
(11345, 62639)
(11345, 64959)
(11345, 65984)
(11345, 66606)
(11345, 68144)
(11345, 68721)
(11345, 69042)
(11345, 72667)
(11345, 73006)
(11345, 73621)
(11345, 75139)
(11345, 76161)
(11345, 79706)
(11345, 79792)
(11345, 82716)
(11345, 85683)
(11345, 86046)
(11345, 87757)
(11345, 88007)
(11345, 89807)
(11345, 90119)
(11345, 91317)
(11345, 94993)
(11345, 95006)
(11345, 96460)
(11345, 96586)
(11345, 97007)
(11345, 97044)
(11345, 97446)
(11345, 98731)
(11345, 99746)
(15136, 15626)
(15136, 17002)
(15136, 18795)
(15136, 19523)
(15136, 20161)
(15136, 21548)
(15136, 22890)
(15136, 24636)
(15136, 25056)
(15136, 25875)
(15136, 26895)
(15136, 31800)
(15136, 32068)
(15136, 32269)
(15136, 33747)
(15136, 34941)
(15136, 36121)
(15136, 36169)
(15136, 37213)
(15136, 37668)
(15136, 39978)
(15136, 40062)
(15136, 46625)
(15136, 46843)
(15136, 46989)
(15136, 48323)
(15136, 54945)
(15136, 56001)
(15136, 56295)
(15136, 58512)
(15136, 59083)
(15136, 62639)
(15136, 64959)
(15136, 65984)
(15136, 66606)
(15136, 68144)
(15136, 68721)
(15136, 69042)
(15136, 72667)
(15136, 73006)
(15136, 73621)
(15136, 75139)
(15136, 76161)
(15136, 79706)
(15136, 79792)
(15136, 82716)
(15136, 85683)
(15136, 86046)
(15136, 87757)
(15136, 88007)
(15136, 89807)
(15136, 90119)
(15136, 91317)
(15136, 94993)
(15136, 95006)
(15136, 96460)
(15136, 96586)
(15136, 97007)
(15136, 97044)
(15136, 97446)
(15136, 98731)
(15136, 99746)
(15626, 17002)
(15626, 18795)
(15626, 19523)
(15626, 20161)
(15626, 21548)
(15626, 22890)
(15626, 24636)
(15626, 25056)
(15626, 25875)
(15626, 26895)
(15626, 31800)
(15626, 32068)
(15626, 32269)
(15626, 33747)
(15626, 34941)
(15626, 36121)
(15626, 36169)
(15626, 37213)
(15626, 37668)
(15626, 39978)
(15626, 40062)
(15626, 46625)
(15626, 46843)
(15626, 46989)
(15626, 48323)
(15626, 54945)
(15626, 56001)
(15626, 56295)
(15626, 58512)
(15626, 59083)
(15626, 62639)
(15626, 64959)
(15626, 65984)
(15626, 66606)
(15626, 68144)
(15626, 68721)
(15626, 69042)
(15626, 72667)
(15626, 73006)
(15626, 73621)
(15626, 75139)
(15626, 76161)
(15626, 79706)
(15626, 79792)
(15626, 82716)
(15626, 85683)
(15626, 86046)
(15626, 87757)
(15626, 88007)
(15626, 89807)
(15626, 90119)
(15626, 91317)
(15626, 94993)
(15626, 95006)
(15626, 96460)
(15626, 96586)
(15626, 97007)
(15626, 97044)
(15626, 97446)
(15626, 98731)
(15626, 99746)
(17002, 18795)
(17002, 19523)
(17002, 20161)
(17002, 21548)
(17002, 22890)
(17002, 24636)
(17002, 25056)
(17002, 25875)
(17002, 26895)
(17002, 31800)
(17002, 32068)
(17002, 32269)
(17002, 33747)
(17002, 34941)
(17002, 36121)
(17002, 36169)
(17002, 37213)
(17002, 37668)
(17002, 39978)
(17002, 40062)
(17002, 46625)
(17002, 46843)
(17002, 46989)
(17002, 48323)
(17002, 54945)
(17002, 56001)
(17002, 56295)
(17002, 58512)
(17002, 59083)
(17002, 62639)
(17002, 64959)
(17002, 65984)
(17002, 66606)
(17002, 68144)
(17002, 68721)
(17002, 69042)
(17002, 72667)
(17002, 73006)
(17002, 73621)
(17002, 75139)
(17002, 76161)
(17002, 79706)
(17002, 79792)
(17002, 82716)
(17002, 85683)
(17002, 86046)
(17002, 87757)
(17002, 88007)
(17002, 89807)
(17002, 90119)
(17002, 91317)
(17002, 94993)
(17002, 95006)
(17002, 96460)
(17002, 96586)
(17002, 97007)
(17002, 97044)
(17002, 97446)
(17002, 98731)
(17002, 99746)
(18795, 19523)
(18795, 20161)
(18795, 21548)
(18795, 22890)
(18795, 24636)
(18795, 25056)
(18795, 25875)
(18795, 26895)
(18795, 31800)
(18795, 32068)
(18795, 32269)
(18795, 33747)
(18795, 34941)
(18795, 36121)
(18795, 36169)
(18795, 37213)
(18795, 37668)
(18795, 39978)
(18795, 40062)
(18795, 46625)
(18795, 46843)
(18795, 46989)
(18795, 48323)
(18795, 54945)
(18795, 56001)
(18795, 56295)
(18795, 58512)
(18795, 59083)
(18795, 62639)
(18795, 64959)
(18795, 65984)
(18795, 66606)
(18795, 68144)
(18795, 68721)
(18795, 69042)
(18795, 72667)
(18795, 73006)
(18795, 73621)
(18795, 75139)
(18795, 76161)
(18795, 79706)
(18795, 79792)
(18795, 82716)
(18795, 85683)
(18795, 86046)
(18795, 87757)
(18795, 88007)
(18795, 89807)
(18795, 90119)
(18795, 91317)
(18795, 94993)
(18795, 95006)
(18795, 96460)
(18795, 96586)
(18795, 97007)
(18795, 97044)
(18795, 97446)
(18795, 98731)
(18795, 99746)
(19523, 20161)
(19523, 21548)
(19523, 22890)
(19523, 24636)
(19523, 25056)
(19523, 25875)
(19523, 26895)
(19523, 31800)
(19523, 32068)
(19523, 32269)
(19523, 33747)
(19523, 34941)
(19523, 36121)
(19523, 36169)
(19523, 37213)
(19523, 37668)
(19523, 39978)
(19523, 40062)
(19523, 46625)
(19523, 46843)
(19523, 46989)
(19523, 48323)
(19523, 54945)
(19523, 56001)
(19523, 56295)
(19523, 58512)
(19523, 59083)
(19523, 62639)
(19523, 64959)
(19523, 65984)
(19523, 66606)
(19523, 68144)
(19523, 68721)
(19523, 69042)
(19523, 72667)
(19523, 73006)
(19523, 73621)
(19523, 75139)
(19523, 76161)
(19523, 79706)
(19523, 79792)
(19523, 82716)
(19523, 85683)
(19523, 86046)
(19523, 87757)
(19523, 88007)
(19523, 89807)
(19523, 90119)
(19523, 91317)
(19523, 94993)
(19523, 95006)
(19523, 96460)
(19523, 96586)
(19523, 97007)
(19523, 97044)
(19523, 97446)
(19523, 98731)
(19523, 99746)
(20161, 21548)
(20161, 22890)
(20161, 24636)
(20161, 25056)
(20161, 25875)
(20161, 26895)
(20161, 31800)
(20161, 32068)
(20161, 32269)
(20161, 33747)
(20161, 34941)
(20161, 36121)
(20161, 36169)
(20161, 37213)
(20161, 37668)
(20161, 39978)
(20161, 40062)
(20161, 46625)
(20161, 46843)
(20161, 46989)
(20161, 48323)
(20161, 54945)
(20161, 56001)
(20161, 56295)
(20161, 58512)
(20161, 59083)
(20161, 62639)
(20161, 64959)
(20161, 65984)
(20161, 66606)
(20161, 68144)
(20161, 68721)
(20161, 69042)
(20161, 72667)
(20161, 73006)
(20161, 73621)
(20161, 75139)
(20161, 76161)
(20161, 79706)
(20161, 79792)
(20161, 82716)
(20161, 85683)
(20161, 86046)
(20161, 87757)
(20161, 88007)
(20161, 89807)
(20161, 90119)
(20161, 91317)
(20161, 94993)
(20161, 95006)
(20161, 96460)
(20161, 96586)
(20161, 97007)
(20161, 97044)
(20161, 97446)
(20161, 98731)
(20161, 99746)
(21548, 22890)
(21548, 24636)
(21548, 25056)
(21548, 25875)
(21548, 26895)
(21548, 31800)
(21548, 32068)
(21548, 32269)
(21548, 33747)
(21548, 34941)
(21548, 36121)
(21548, 36169)
(21548, 37213)
(21548, 37668)
(21548, 39978)
(21548, 40062)
(21548, 46625)
(21548, 46843)
(21548, 46989)
(21548, 48323)
(21548, 54945)
(21548, 56001)
(21548, 56295)
(21548, 58512)
(21548, 59083)
(21548, 62639)
(21548, 64959)
(21548, 65984)
(21548, 66606)
(21548, 68144)
(21548, 68721)
(21548, 69042)
(21548, 72667)
(21548, 73006)
(21548, 73621)
(21548, 75139)
(21548, 76161)
(21548, 79706)
(21548, 79792)
(21548, 82716)
(21548, 85683)
(21548, 86046)
(21548, 87757)
(21548, 88007)
(21548, 89807)
(21548, 90119)
(21548, 91317)
(21548, 94993)
(21548, 95006)
(21548, 96460)
(21548, 96586)
(21548, 97007)
(21548, 97044)
(21548, 97446)
(21548, 98731)
(21548, 99746)
(22890, 24636)
(22890, 25056)
(22890, 25875)
(22890, 26895)
(22890, 31800)
(22890, 32068)
(22890, 32269)
(22890, 33747)
(22890, 34941)
(22890, 36121)
(22890, 36169)
(22890, 37213)
(22890, 37668)
(22890, 39978)
(22890, 40062)
(22890, 46625)
(22890, 46843)
(22890, 46989)
(22890, 48323)
(22890, 54945)
(22890, 56001)
(22890, 56295)
(22890, 58512)
(22890, 59083)
(22890, 62639)
(22890, 64959)
(22890, 65984)
(22890, 66606)
(22890, 68144)
(22890, 68721)
(22890, 69042)
(22890, 72667)
(22890, 73006)
(22890, 73621)
(22890, 75139)
(22890, 76161)
(22890, 79706)
(22890, 79792)
(22890, 82716)
(22890, 85683)
(22890, 86046)
(22890, 87757)
(22890, 88007)
(22890, 89807)
(22890, 90119)
(22890, 91317)
(22890, 94993)
(22890, 95006)
(22890, 96460)
(22890, 96586)
(22890, 97007)
(22890, 97044)
(22890, 97446)
(22890, 98731)
(22890, 99746)
(24636, 25056)
(24636, 25875)
(24636, 26895)
(24636, 31800)
(24636, 32068)
(24636, 32269)
(24636, 33747)
(24636, 34941)
(24636, 36121)
(24636, 36169)
(24636, 37213)
(24636, 37668)
(24636, 39978)
(24636, 40062)
(24636, 46625)
(24636, 46843)
(24636, 46989)
(24636, 48323)
(24636, 54945)
(24636, 56001)
(24636, 56295)
(24636, 58512)
(24636, 59083)
(24636, 62639)
(24636, 64959)
(24636, 65984)
(24636, 66606)
(24636, 68144)
(24636, 68721)
(24636, 69042)
(24636, 72667)
(24636, 73006)
(24636, 73621)
(24636, 75139)
(24636, 76161)
(24636, 79706)
(24636, 79792)
(24636, 82716)
(24636, 85683)
(24636, 86046)
(24636, 87757)
(24636, 88007)
(24636, 89807)
(24636, 90119)
(24636, 91317)
(24636, 94993)
(24636, 95006)
(24636, 96460)
(24636, 96586)
(24636, 97007)
(24636, 97044)
(24636, 97446)
(24636, 98731)
(24636, 99746)
(25056, 25875)
(25056, 26895)
(25056, 31800)
(25056, 32068)
(25056, 32269)
(25056, 33747)
(25056, 34941)
(25056, 36121)
(25056, 36169)
(25056, 37213)
(25056, 37668)
(25056, 39978)
(25056, 40062)
(25056, 46625)
(25056, 46843)
(25056, 46989)
(25056, 48323)
(25056, 54945)
(25056, 56001)
(25056, 56295)
(25056, 58512)
(25056, 59083)
(25056, 62639)
(25056, 64959)
(25056, 65984)
(25056, 66606)
(25056, 68144)
(25056, 68721)
(25056, 69042)
(25056, 72667)
(25056, 73006)
(25056, 73621)
(25056, 75139)
(25056, 76161)
(25056, 79706)
(25056, 79792)
(25056, 82716)
(25056, 85683)
(25056, 86046)
(25056, 87757)
(25056, 88007)
(25056, 89807)
(25056, 90119)
(25056, 91317)
(25056, 94993)
(25056, 95006)
(25056, 96460)
(25056, 96586)
(25056, 97007)
(25056, 97044)
(25056, 97446)
(25056, 98731)
(25056, 99746)
(25875, 26895)
(25875, 31800)
(25875, 32068)
(25875, 32269)
(25875, 33747)
(25875, 34941)
(25875, 36121)
(25875, 36169)
(25875, 37213)
(25875, 37668)
(25875, 39978)
(25875, 40062)
(25875, 46625)
(25875, 46843)
(25875, 46989)
(25875, 48323)
(25875, 54945)
(25875, 56001)
(25875, 56295)
(25875, 58512)
(25875, 59083)
(25875, 62639)
(25875, 64959)
(25875, 65984)
(25875, 66606)
(25875, 68144)
(25875, 68721)
(25875, 69042)
(25875, 72667)
(25875, 73006)
(25875, 73621)
(25875, 75139)
(25875, 76161)
(25875, 79706)
(25875, 79792)
(25875, 82716)
(25875, 85683)
(25875, 86046)
(25875, 87757)
(25875, 88007)
(25875, 89807)
(25875, 90119)
(25875, 91317)
(25875, 94993)
(25875, 95006)
(25875, 96460)
(25875, 96586)
(25875, 97007)
(25875, 97044)
(25875, 97446)
(25875, 98731)
(25875, 99746)
(26895, 31800)
(26895, 32068)
(26895, 32269)
(26895, 33747)
(26895, 34941)
(26895, 36121)
(26895, 36169)
(26895, 37213)
(26895, 37668)
(26895, 39978)
(26895, 40062)
(26895, 46625)
(26895, 46843)
(26895, 46989)
(26895, 48323)
(26895, 54945)
(26895, 56001)
(26895, 56295)
(26895, 58512)
(26895, 59083)
(26895, 62639)
(26895, 64959)
(26895, 65984)
(26895, 66606)
(26895, 68144)
(26895, 68721)
(26895, 69042)
(26895, 72667)
(26895, 73006)
(26895, 73621)
(26895, 75139)
(26895, 76161)
(26895, 79706)
(26895, 79792)
(26895, 82716)
(26895, 85683)
(26895, 86046)
(26895, 87757)
(26895, 88007)
(26895, 89807)
(26895, 90119)
(26895, 91317)
(26895, 94993)
(26895, 95006)
(26895, 96460)
(26895, 96586)
(26895, 97007)
(26895, 97044)
(26895, 97446)
(26895, 98731)
(26895, 99746)
(31800, 32068)
(31800, 32269)
(31800, 33747)
(31800, 34941)
(31800, 36121)
(31800, 36169)
(31800, 37213)
(31800, 37668)
(31800, 39978)
(31800, 40062)
(31800, 46625)
(31800, 46843)
(31800, 46989)
(31800, 48323)
(31800, 54945)
(31800, 56001)
(31800, 56295)
(31800, 58512)
(31800, 59083)
(31800, 62639)
(31800, 64959)
(31800, 65984)
(31800, 66606)
(31800, 68144)
(31800, 68721)
(31800, 69042)
(31800, 72667)
(31800, 73006)
(31800, 73621)
(31800, 75139)
(31800, 76161)
(31800, 79706)
(31800, 79792)
(31800, 82716)
(31800, 85683)
(31800, 86046)
(31800, 87757)
(31800, 88007)
(31800, 89807)
(31800, 90119)
(31800, 91317)
(31800, 94993)
(31800, 95006)
(31800, 96460)
(31800, 96586)
(31800, 97007)
(31800, 97044)
(31800, 97446)
(31800, 98731)
(31800, 99746)
(32068, 32269)
(32068, 33747)
(32068, 34941)
(32068, 36121)
(32068, 36169)
(32068, 37213)
(32068, 37668)
(32068, 39978)
(32068, 40062)
(32068, 46625)
(32068, 46843)
(32068, 46989)
(32068, 48323)
(32068, 54945)
(32068, 56001)
(32068, 56295)
(32068, 58512)
(32068, 59083)
(32068, 62639)
(32068, 64959)
(32068, 65984)
(32068, 66606)
(32068, 68144)
(32068, 68721)
(32068, 69042)
(32068, 72667)
(32068, 73006)
(32068, 73621)
(32068, 75139)
(32068, 76161)
(32068, 79706)
(32068, 79792)
(32068, 82716)
(32068, 85683)
(32068, 86046)
(32068, 87757)
(32068, 88007)
(32068, 89807)
(32068, 90119)
(32068, 91317)
(32068, 94993)
(32068, 95006)
(32068, 96460)
(32068, 96586)
(32068, 97007)
(32068, 97044)
(32068, 97446)
(32068, 98731)
(32068, 99746)
(32269, 33747)
(32269, 34941)
(32269, 36121)
(32269, 36169)
(32269, 37213)
(32269, 37668)
(32269, 39978)
(32269, 40062)
(32269, 46625)
(32269, 46843)
(32269, 46989)
(32269, 48323)
(32269, 54945)
(32269, 56001)
(32269, 56295)
(32269, 58512)
(32269, 59083)
(32269, 62639)
(32269, 64959)
(32269, 65984)
(32269, 66606)
(32269, 68144)
(32269, 68721)
(32269, 69042)
(32269, 72667)
(32269, 73006)
(32269, 73621)
(32269, 75139)
(32269, 76161)
(32269, 79706)
(32269, 79792)
(32269, 82716)
(32269, 85683)
(32269, 86046)
(32269, 87757)
(32269, 88007)
(32269, 89807)
(32269, 90119)
(32269, 91317)
(32269, 94993)
(32269, 95006)
(32269, 96460)
(32269, 96586)
(32269, 97007)
(32269, 97044)
(32269, 97446)
(32269, 98731)
(32269, 99746)
(33747, 34941)
(33747, 36121)
(33747, 36169)
(33747, 37213)
(33747, 37668)
(33747, 39978)
(33747, 40062)
(33747, 46625)
(33747, 46843)
(33747, 46989)
(33747, 48323)
(33747, 54945)
(33747, 56001)
(33747, 56295)
(33747, 58512)
(33747, 59083)
(33747, 62639)
(33747, 64959)
(33747, 65984)
(33747, 66606)
(33747, 68144)
(33747, 68721)
(33747, 69042)
(33747, 72667)
(33747, 73006)
(33747, 73621)
(33747, 75139)
(33747, 76161)
(33747, 79706)
(33747, 79792)
(33747, 82716)
(33747, 85683)
(33747, 86046)
(33747, 87757)
(33747, 88007)
(33747, 89807)
(33747, 90119)
(33747, 91317)
(33747, 94993)
(33747, 95006)
(33747, 96460)
(33747, 96586)
(33747, 97007)
(33747, 97044)
(33747, 97446)
(33747, 98731)
(33747, 99746)
(34941, 36121)
(34941, 36169)
(34941, 37213)
(34941, 37668)
(34941, 39978)
(34941, 40062)
(34941, 46625)
(34941, 46843)
(34941, 46989)
(34941, 48323)
(34941, 54945)
(34941, 56001)
(34941, 56295)
(34941, 58512)
(34941, 59083)
(34941, 62639)
(34941, 64959)
(34941, 65984)
(34941, 66606)
(34941, 68144)
(34941, 68721)
(34941, 69042)
(34941, 72667)
(34941, 73006)
(34941, 73621)
(34941, 75139)
(34941, 76161)
(34941, 79706)
(34941, 79792)
(34941, 82716)
(34941, 85683)
(34941, 86046)
(34941, 87757)
(34941, 88007)
(34941, 89807)
(34941, 90119)
(34941, 91317)
(34941, 94993)
(34941, 95006)
(34941, 96460)
(34941, 96586)
(34941, 97007)
(34941, 97044)
(34941, 97446)
(34941, 98731)
(34941, 99746)
(36121, 36169)
(36121, 37213)
(36121, 37668)
(36121, 39978)
(36121, 40062)
(36121, 46625)
(36121, 46843)
(36121, 46989)
(36121, 48323)
(36121, 54945)
(36121, 56001)
(36121, 56295)
(36121, 58512)
(36121, 59083)
(36121, 62639)
(36121, 64959)
(36121, 65984)
(36121, 66606)
(36121, 68144)
(36121, 68721)
(36121, 69042)
(36121, 72667)
(36121, 73006)
(36121, 73621)
(36121, 75139)
(36121, 76161)
(36121, 79706)
(36121, 79792)
(36121, 82716)
(36121, 85683)
(36121, 86046)
(36121, 87757)
(36121, 88007)
(36121, 89807)
(36121, 90119)
(36121, 91317)
(36121, 94993)
(36121, 95006)
(36121, 96460)
(36121, 96586)
(36121, 97007)
(36121, 97044)
(36121, 97446)
(36121, 98731)
(36121, 99746)
(36169, 37213)
(36169, 37668)
(36169, 39978)
(36169, 40062)
(36169, 46625)
(36169, 46843)
(36169, 46989)
(36169, 48323)
(36169, 54945)
(36169, 56001)
(36169, 56295)
(36169, 58512)
(36169, 59083)
(36169, 62639)
(36169, 64959)
(36169, 65984)
(36169, 66606)
(36169, 68144)
(36169, 68721)
(36169, 69042)
(36169, 72667)
(36169, 73006)
(36169, 73621)
(36169, 75139)
(36169, 76161)
(36169, 79706)
(36169, 79792)
(36169, 82716)
(36169, 85683)
(36169, 86046)
(36169, 87757)
(36169, 88007)
(36169, 89807)
(36169, 90119)
(36169, 91317)
(36169, 94993)
(36169, 95006)
(36169, 96460)
(36169, 96586)
(36169, 97007)
(36169, 97044)
(36169, 97446)
(36169, 98731)
(36169, 99746)
(37213, 37668)
(37213, 39978)
(37213, 40062)
(37213, 46625)
(37213, 46843)
(37213, 46989)
(37213, 48323)
(37213, 54945)
(37213, 56001)
(37213, 56295)
(37213, 58512)
(37213, 59083)
(37213, 62639)
(37213, 64959)
(37213, 65984)
(37213, 66606)
(37213, 68144)
(37213, 68721)
(37213, 69042)
(37213, 72667)
(37213, 73006)
(37213, 73621)
(37213, 75139)
(37213, 76161)
(37213, 79706)
(37213, 79792)
(37213, 82716)
(37213, 85683)
(37213, 86046)
(37213, 87757)
(37213, 88007)
(37213, 89807)
(37213, 90119)
(37213, 91317)
(37213, 94993)
(37213, 95006)
(37213, 96460)
(37213, 96586)
(37213, 97007)
(37213, 97044)
(37213, 97446)
(37213, 98731)
(37213, 99746)
(37668, 39978)
(37668, 40062)
(37668, 46625)
(37668, 46843)
(37668, 46989)
(37668, 48323)
(37668, 54945)
(37668, 56001)
(37668, 56295)
(37668, 58512)
(37668, 59083)
(37668, 62639)
(37668, 64959)
(37668, 65984)
(37668, 66606)
(37668, 68144)
(37668, 68721)
(37668, 69042)
(37668, 72667)
(37668, 73006)
(37668, 73621)
(37668, 75139)
(37668, 76161)
(37668, 79706)
(37668, 79792)
(37668, 82716)
(37668, 85683)
(37668, 86046)
(37668, 87757)
(37668, 88007)
(37668, 89807)
(37668, 90119)
(37668, 91317)
(37668, 94993)
(37668, 95006)
(37668, 96460)
(37668, 96586)
(37668, 97007)
(37668, 97044)
(37668, 97446)
(37668, 98731)
(37668, 99746)
(39978, 40062)
(39978, 46625)
(39978, 46843)
(39978, 46989)
(39978, 48323)
(39978, 54945)
(39978, 56001)
(39978, 56295)
(39978, 58512)
(39978, 59083)
(39978, 62639)
(39978, 64959)
(39978, 65984)
(39978, 66606)
(39978, 68144)
(39978, 68721)
(39978, 69042)
(39978, 72667)
(39978, 73006)
(39978, 73621)
(39978, 75139)
(39978, 76161)
(39978, 79706)
(39978, 79792)
(39978, 82716)
(39978, 85683)
(39978, 86046)
(39978, 87757)
(39978, 88007)
(39978, 89807)
(39978, 90119)
(39978, 91317)
(39978, 94993)
(39978, 95006)
(39978, 96460)
(39978, 96586)
(39978, 97007)
(39978, 97044)
(39978, 97446)
(39978, 98731)
(39978, 99746)
(40062, 46625)
(40062, 46843)
(40062, 46989)
(40062, 48323)
(40062, 54945)
(40062, 56001)
(40062, 56295)
(40062, 58512)
(40062, 59083)
(40062, 62639)
(40062, 64959)
(40062, 65984)
(40062, 66606)
(40062, 68144)
(40062, 68721)
(40062, 69042)
(40062, 72667)
(40062, 73006)
(40062, 73621)
(40062, 75139)
(40062, 76161)
(40062, 79706)
(40062, 79792)
(40062, 82716)
(40062, 85683)
(40062, 86046)
(40062, 87757)
(40062, 88007)
(40062, 89807)
(40062, 90119)
(40062, 91317)
(40062, 94993)
(40062, 95006)
(40062, 96460)
(40062, 96586)
(40062, 97007)
(40062, 97044)
(40062, 97446)
(40062, 98731)
(40062, 99746)
(46625, 46843)
(46625, 46989)
(46625, 48323)
(46625, 54945)
(46625, 56001)
(46625, 56295)
(46625, 58512)
(46625, 59083)
(46625, 62639)
(46625, 64959)
(46625, 65984)
(46625, 66606)
(46625, 68144)
(46625, 68721)
(46625, 69042)
(46625, 72667)
(46625, 73006)
(46625, 73621)
(46625, 75139)
(46625, 76161)
(46625, 79706)
(46625, 79792)
(46625, 82716)
(46625, 85683)
(46625, 86046)
(46625, 87757)
(46625, 88007)
(46625, 89807)
(46625, 90119)
(46625, 91317)
(46625, 94993)
(46625, 95006)
(46625, 96460)
(46625, 96586)
(46625, 97007)
(46625, 97044)
(46625, 97446)
(46625, 98731)
(46625, 99746)
(46843, 46989)
(46843, 48323)
(46843, 54945)
(46843, 56001)
(46843, 56295)
(46843, 58512)
(46843, 59083)
(46843, 62639)
(46843, 64959)
(46843, 65984)
(46843, 66606)
(46843, 68144)
(46843, 68721)
(46843, 69042)
(46843, 72667)
(46843, 73006)
(46843, 73621)
(46843, 75139)
(46843, 76161)
(46843, 79706)
(46843, 79792)
(46843, 82716)
(46843, 85683)
(46843, 86046)
(46843, 87757)
(46843, 88007)
(46843, 89807)
(46843, 90119)
(46843, 91317)
(46843, 94993)
(46843, 95006)
(46843, 96460)
(46843, 96586)
(46843, 97007)
(46843, 97044)
(46843, 97446)
(46843, 98731)
(46843, 99746)
(46989, 48323)
(46989, 54945)
(46989, 56001)
(46989, 56295)
(46989, 58512)
(46989, 59083)
(46989, 62639)
(46989, 64959)
(46989, 65984)
(46989, 66606)
(46989, 68144)
(46989, 68721)
(46989, 69042)
(46989, 72667)
(46989, 73006)
(46989, 73621)
(46989, 75139)
(46989, 76161)
(46989, 79706)
(46989, 79792)
(46989, 82716)
(46989, 85683)
(46989, 86046)
(46989, 87757)
(46989, 88007)
(46989, 89807)
(46989, 90119)
(46989, 91317)
(46989, 94993)
(46989, 95006)
(46989, 96460)
(46989, 96586)
(46989, 97007)
(46989, 97044)
(46989, 97446)
(46989, 98731)
(46989, 99746)
(48323, 54945)
(48323, 56001)
(48323, 56295)
(48323, 58512)
(48323, 59083)
(48323, 62639)
(48323, 64959)
(48323, 65984)
(48323, 66606)
(48323, 68144)
(48323, 68721)
(48323, 69042)
(48323, 72667)
(48323, 73006)
(48323, 73621)
(48323, 75139)
(48323, 76161)
(48323, 79706)
(48323, 79792)
(48323, 82716)
(48323, 85683)
(48323, 86046)
(48323, 87757)
(48323, 88007)
(48323, 89807)
(48323, 90119)
(48323, 91317)
(48323, 94993)
(48323, 95006)
(48323, 96460)
(48323, 96586)
(48323, 97007)
(48323, 97044)
(48323, 97446)
(48323, 98731)
(48323, 99746)
(54945, 56001)
(54945, 56295)
(54945, 58512)
(54945, 59083)
(54945, 62639)
(54945, 64959)
(54945, 65984)
(54945, 66606)
(54945, 68144)
(54945, 68721)
(54945, 69042)
(54945, 72667)
(54945, 73006)
(54945, 73621)
(54945, 75139)
(54945, 76161)
(54945, 79706)
(54945, 79792)
(54945, 82716)
(54945, 85683)
(54945, 86046)
(54945, 87757)
(54945, 88007)
(54945, 89807)
(54945, 90119)
(54945, 91317)
(54945, 94993)
(54945, 95006)
(54945, 96460)
(54945, 96586)
(54945, 97007)
(54945, 97044)
(54945, 97446)
(54945, 98731)
(54945, 99746)
(56001, 56295)
(56001, 58512)
(56001, 59083)
(56001, 62639)
(56001, 64959)
(56001, 65984)
(56001, 66606)
(56001, 68144)
(56001, 68721)
(56001, 69042)
(56001, 72667)
(56001, 73006)
(56001, 73621)
(56001, 75139)
(56001, 76161)
(56001, 79706)
(56001, 79792)
(56001, 82716)
(56001, 85683)
(56001, 86046)
(56001, 87757)
(56001, 88007)
(56001, 89807)
(56001, 90119)
(56001, 91317)
(56001, 94993)
(56001, 95006)
(56001, 96460)
(56001, 96586)
(56001, 97007)
(56001, 97044)
(56001, 97446)
(56001, 98731)
(56001, 99746)
(56295, 58512)
(56295, 59083)
(56295, 62639)
(56295, 64959)
(56295, 65984)
(56295, 66606)
(56295, 68144)
(56295, 68721)
(56295, 69042)
(56295, 72667)
(56295, 73006)
(56295, 73621)
(56295, 75139)
(56295, 76161)
(56295, 79706)
(56295, 79792)
(56295, 82716)
(56295, 85683)
(56295, 86046)
(56295, 87757)
(56295, 88007)
(56295, 89807)
(56295, 90119)
(56295, 91317)
(56295, 94993)
(56295, 95006)
(56295, 96460)
(56295, 96586)
(56295, 97007)
(56295, 97044)
(56295, 97446)
(56295, 98731)
(56295, 99746)
(58512, 59083)
(58512, 62639)
(58512, 64959)
(58512, 65984)
(58512, 66606)
(58512, 68144)
(58512, 68721)
(58512, 69042)
(58512, 72667)
(58512, 73006)
(58512, 73621)
(58512, 75139)
(58512, 76161)
(58512, 79706)
(58512, 79792)
(58512, 82716)
(58512, 85683)
(58512, 86046)
(58512, 87757)
(58512, 88007)
(58512, 89807)
(58512, 90119)
(58512, 91317)
(58512, 94993)
(58512, 95006)
(58512, 96460)
(58512, 96586)
(58512, 97007)
(58512, 97044)
(58512, 97446)
(58512, 98731)
(58512, 99746)
(59083, 62639)
(59083, 64959)
(59083, 65984)
(59083, 66606)
(59083, 68144)
(59083, 68721)
(59083, 69042)
(59083, 72667)
(59083, 73006)
(59083, 73621)
(59083, 75139)
(59083, 76161)
(59083, 79706)
(59083, 79792)
(59083, 82716)
(59083, 85683)
(59083, 86046)
(59083, 87757)
(59083, 88007)
(59083, 89807)
(59083, 90119)
(59083, 91317)
(59083, 94993)
(59083, 95006)
(59083, 96460)
(59083, 96586)
(59083, 97007)
(59083, 97044)
(59083, 97446)
(59083, 98731)
(59083, 99746)
(62639, 64959)
(62639, 65984)
(62639, 66606)
(62639, 68144)
(62639, 68721)
(62639, 69042)
(62639, 72667)
(62639, 73006)
(62639, 73621)
(62639, 75139)
(62639, 76161)
(62639, 79706)
(62639, 79792)
(62639, 82716)
(62639, 85683)
(62639, 86046)
(62639, 87757)
(62639, 88007)
(62639, 89807)
(62639, 90119)
(62639, 91317)
(62639, 94993)
(62639, 95006)
(62639, 96460)
(62639, 96586)
(62639, 97007)
(62639, 97044)
(62639, 97446)
(62639, 98731)
(62639, 99746)
(64959, 65984)
(64959, 66606)
(64959, 68144)
(64959, 68721)
(64959, 69042)
(64959, 72667)
(64959, 73006)
(64959, 73621)
(64959, 75139)
(64959, 76161)
(64959, 79706)
(64959, 79792)
(64959, 82716)
(64959, 85683)
(64959, 86046)
(64959, 87757)
(64959, 88007)
(64959, 89807)
(64959, 90119)
(64959, 91317)
(64959, 94993)
(64959, 95006)
(64959, 96460)
(64959, 96586)
(64959, 97007)
(64959, 97044)
(64959, 97446)
(64959, 98731)
(64959, 99746)
(65984, 66606)
(65984, 68144)
(65984, 68721)
(65984, 69042)
(65984, 72667)
(65984, 73006)
(65984, 73621)
(65984, 75139)
(65984, 76161)
(65984, 79706)
(65984, 79792)
(65984, 82716)
(65984, 85683)
(65984, 86046)
(65984, 87757)
(65984, 88007)
(65984, 89807)
(65984, 90119)
(65984, 91317)
(65984, 94993)
(65984, 95006)
(65984, 96460)
(65984, 96586)
(65984, 97007)
(65984, 97044)
(65984, 97446)
(65984, 98731)
(65984, 99746)
(66606, 68144)
(66606, 68721)
(66606, 69042)
(66606, 72667)
(66606, 73006)
(66606, 73621)
(66606, 75139)
(66606, 76161)
(66606, 79706)
(66606, 79792)
(66606, 82716)
(66606, 85683)
(66606, 86046)
(66606, 87757)
(66606, 88007)
(66606, 89807)
(66606, 90119)
(66606, 91317)
(66606, 94993)
(66606, 95006)
(66606, 96460)
(66606, 96586)
(66606, 97007)
(66606, 97044)
(66606, 97446)
(66606, 98731)
(66606, 99746)
(68144, 68721)
(68144, 69042)
(68144, 72667)
(68144, 73006)
(68144, 73621)
(68144, 75139)
(68144, 76161)
(68144, 79706)
(68144, 79792)
(68144, 82716)
(68144, 85683)
(68144, 86046)
(68144, 87757)
(68144, 88007)
(68144, 89807)
(68144, 90119)
(68144, 91317)
(68144, 94993)
(68144, 95006)
(68144, 96460)
(68144, 96586)
(68144, 97007)
(68144, 97044)
(68144, 97446)
(68144, 98731)
(68144, 99746)
(68721, 69042)
(68721, 72667)
(68721, 73006)
(68721, 73621)
(68721, 75139)
(68721, 76161)
(68721, 79706)
(68721, 79792)
(68721, 82716)
(68721, 85683)
(68721, 86046)
(68721, 87757)
(68721, 88007)
(68721, 89807)
(68721, 90119)
(68721, 91317)
(68721, 94993)
(68721, 95006)
(68721, 96460)
(68721, 96586)
(68721, 97007)
(68721, 97044)
(68721, 97446)
(68721, 98731)
(68721, 99746)
(69042, 72667)
(69042, 73006)
(69042, 73621)
(69042, 75139)
(69042, 76161)
(69042, 79706)
(69042, 79792)
(69042, 82716)
(69042, 85683)
(69042, 86046)
(69042, 87757)
(69042, 88007)
(69042, 89807)
(69042, 90119)
(69042, 91317)
(69042, 94993)
(69042, 95006)
(69042, 96460)
(69042, 96586)
(69042, 97007)
(69042, 97044)
(69042, 97446)
(69042, 98731)
(69042, 99746)
(72667, 73006)
(72667, 73621)
(72667, 75139)
(72667, 76161)
(72667, 79706)
(72667, 79792)
(72667, 82716)
(72667, 85683)
(72667, 86046)
(72667, 87757)
(72667, 88007)
(72667, 89807)
(72667, 90119)
(72667, 91317)
(72667, 94993)
(72667, 95006)
(72667, 96460)
(72667, 96586)
(72667, 97007)
(72667, 97044)
(72667, 97446)
(72667, 98731)
(72667, 99746)
(73006, 73621)
(73006, 75139)
(73006, 76161)
(73006, 79706)
(73006, 79792)
(73006, 82716)
(73006, 85683)
(73006, 86046)
(73006, 87757)
(73006, 88007)
(73006, 89807)
(73006, 90119)
(73006, 91317)
(73006, 94993)
(73006, 95006)
(73006, 96460)
(73006, 96586)
(73006, 97007)
(73006, 97044)
(73006, 97446)
(73006, 98731)
(73006, 99746)
(73621, 75139)
(73621, 76161)
(73621, 79706)
(73621, 79792)
(73621, 82716)
(73621, 85683)
(73621, 86046)
(73621, 87757)
(73621, 88007)
(73621, 89807)
(73621, 90119)
(73621, 91317)
(73621, 94993)
(73621, 95006)
(73621, 96460)
(73621, 96586)
(73621, 97007)
(73621, 97044)
(73621, 97446)
(73621, 98731)
(73621, 99746)
(75139, 76161)
(75139, 79706)
(75139, 79792)
(75139, 82716)
(75139, 85683)
(75139, 86046)
(75139, 87757)
(75139, 88007)
(75139, 89807)
(75139, 90119)
(75139, 91317)
(75139, 94993)
(75139, 95006)
(75139, 96460)
(75139, 96586)
(75139, 97007)
(75139, 97044)
(75139, 97446)
(75139, 98731)
(75139, 99746)
(76161, 79706)
(76161, 79792)
(76161, 82716)
(76161, 85683)
(76161, 86046)
(76161, 87757)
(76161, 88007)
(76161, 89807)
(76161, 90119)
(76161, 91317)
(76161, 94993)
(76161, 95006)
(76161, 96460)
(76161, 96586)
(76161, 97007)
(76161, 97044)
(76161, 97446)
(76161, 98731)
(76161, 99746)
(79706, 79792)
(79706, 82716)
(79706, 85683)
(79706, 86046)
(79706, 87757)
(79706, 88007)
(79706, 89807)
(79706, 90119)
(79706, 91317)
(79706, 94993)
(79706, 95006)
(79706, 96460)
(79706, 96586)
(79706, 97007)
(79706, 97044)
(79706, 97446)
(79706, 98731)
(79706, 99746)
(79792, 82716)
(79792, 85683)
(79792, 86046)
(79792, 87757)
(79792, 88007)
(79792, 89807)
(79792, 90119)
(79792, 91317)
(79792, 94993)
(79792, 95006)
(79792, 96460)
(79792, 96586)
(79792, 97007)
(79792, 97044)
(79792, 97446)
(79792, 98731)
(79792, 99746)
(82716, 85683)
(82716, 86046)
(82716, 87757)
(82716, 88007)
(82716, 89807)
(82716, 90119)
(82716, 91317)
(82716, 94993)
(82716, 95006)
(82716, 96460)
(82716, 96586)
(82716, 97007)
(82716, 97044)
(82716, 97446)
(82716, 98731)
(82716, 99746)
(85683, 86046)
(85683, 87757)
(85683, 88007)
(85683, 89807)
(85683, 90119)
(85683, 91317)
(85683, 94993)
(85683, 95006)
(85683, 96460)
(85683, 96586)
(85683, 97007)
(85683, 97044)
(85683, 97446)
(85683, 98731)
(85683, 99746)
(86046, 87757)
(86046, 88007)
(86046, 89807)
(86046, 90119)
(86046, 91317)
(86046, 94993)
(86046, 95006)
(86046, 96460)
(86046, 96586)
(86046, 97007)
(86046, 97044)
(86046, 97446)
(86046, 98731)
(86046, 99746)
(87757, 88007)
(87757, 89807)
(87757, 90119)
(87757, 91317)
(87757, 94993)
(87757, 95006)
(87757, 96460)
(87757, 96586)
(87757, 97007)
(87757, 97044)
(87757, 97446)
(87757, 98731)
(87757, 99746)
(88007, 89807)
(88007, 90119)
(88007, 91317)
(88007, 94993)
(88007, 95006)
(88007, 96460)
(88007, 96586)
(88007, 97007)
(88007, 97044)
(88007, 97446)
(88007, 98731)
(88007, 99746)
(89807, 90119)
(89807, 91317)
(89807, 94993)
(89807, 95006)
(89807, 96460)
(89807, 96586)
(89807, 97007)
(89807, 97044)
(89807, 97446)
(89807, 98731)
(89807, 99746)
(90119, 91317)
(90119, 94993)
(90119, 95006)
(90119, 96460)
(90119, 96586)
(90119, 97007)
(90119, 97044)
(90119, 97446)
(90119, 98731)
(90119, 99746)
(91317, 94993)
(91317, 95006)
(91317, 96460)
(91317, 96586)
(91317, 97007)
(91317, 97044)
(91317, 97446)
(91317, 98731)
(91317, 99746)
(94993, 95006)
(94993, 96460)
(94993, 96586)
(94993, 97007)
(94993, 97044)
(94993, 97446)
(94993, 98731)
(94993, 99746)
(95006, 96460)
(95006, 96586)
(95006, 97007)
(95006, 97044)
(95006, 97446)
(95006, 98731)
(95006, 99746)
(96460, 96586)
(96460, 97007)
(96460, 97044)
(96460, 97446)
(96460, 98731)
(96460, 99746)
(96586, 97007)
(96586, 97044)
(96586, 97446)
(96586, 98731)
(96586, 99746)
(97007, 97044)
(97007, 97446)
(97007, 98731)
(97007, 99746)
(97044, 97446)
(97044, 98731)
(97044, 99746)
(97446, 98731)
(97446, 99746)
(98731, 99746)