(10508, 15136)
(10508, 15626)
(10508, 16053)
(10508, 17002)
(10508, 18795)
(10508, 19523)
(10508, 20161)
(10508, 21548)
(10508, 22890)
(10508, 24636)
(10508, 25577)
(10508, 31800)
(10508, 32068)
(10508, 32269)
(10508, 33747)
(10508, 34941)
(10508, 36169)
(10508, 37213)
(10508, 37668)
(10508, 39535)
(10508, 40062)
(10508, 46625)
(10508, 46843)
(10508, 48323)
(10508, 48987)
(10508, 52477)
(10508, 54945)
(10508, 55947)
(10508, 56295)
(10508, 56954)
(10508, 57218)
(10508, 58512)
(10508, 59083)
(10508, 64959)
(10508, 65984)
(10508, 66606)
(10508, 68144)
(10508, 68289)
(10508, 68721)
(10508, 69042)
(10508, 73621)
(10508, 75139)
(10508, 79706)
(10508, 82143)
(10508, 82716)
(10508, 85683)
(10508, 86046)
(10508, 87757)
(10508, 88007)
(10508, 89807)
(10508, 90119)
(10508, 91073)
(10508, 94418)
(10508, 94870)
(10508, 94993)
(10508, 95006)
(10508, 96460)
(10508, 97007)
(10508, 97044)
(10508, 97446)
(10508, 98731)
(15136, 15626)
(15136, 16053)
(15136, 17002)
(15136, 18795)
(15136, 19523)
(15136, 20161)
(15136, 21548)
(15136, 22890)
(15136, 24636)
(15136, 25577)
(15136, 31800)
(15136, 32068)
(15136, 32269)
(15136, 33747)
(15136, 34941)
(15136, 36169)
(15136, 37213)
(15136, 37668)
(15136, 39535)
(15136, 40062)
(15136, 46625)
(15136, 46843)
(15136, 48323)
(15136, 48987)
(15136, 52477)
(15136, 54945)
(15136, 55947)
(15136, 56295)
(15136, 56954)
(15136, 57218)
(15136, 58512)
(15136, 59083)
(15136, 64959)
(15136, 65984)
(15136, 66606)
(15136, 68144)
(15136, 68289)
(15136, 68721)
(15136, 69042)
(15136, 73621)
(15136, 75139)
(15136, 79706)
(15136, 82143)
(15136, 82716)
(15136, 85683)
(15136, 86046)
(15136, 87757)
(15136, 88007)
(15136, 89807)
(15136, 90119)
(15136, 91073)
(15136, 94418)
(15136, 94870)
(15136, 94993)
(15136, 95006)
(15136, 96460)
(15136, 97007)
(15136, 97044)
(15136, 97446)
(15136, 98731)
(15626, 16053)
(15626, 17002)
(15626, 18795)
(15626, 19523)
(15626, 20161)
(15626, 21548)
(15626, 22890)
(15626, 24636)
(15626, 25577)
(15626, 31800)
(15626, 32068)
(15626, 32269)
(15626, 33747)
(15626, 34941)
(15626, 36169)
(15626, 37213)
(15626, 37668)
(15626, 39535)
(15626, 40062)
(15626, 46625)
(15626, 46843)
(15626, 48323)
(15626, 48987)
(15626, 52477)
(15626, 54945)
(15626, 55947)
(15626, 56295)
(15626, 56954)
(15626, 57218)
(15626, 58512)
(15626, 59083)
(15626, 64959)
(15626, 65984)
(15626, 66606)
(15626, 68144)
(15626, 68289)
(15626, 68721)
(15626, 69042)
(15626, 73621)
(15626, 75139)
(15626, 79706)
(15626, 82143)
(15626, 82716)
(15626, 85683)
(15626, 86046)
(15626, 87757)
(15626, 88007)
(15626, 89807)
(15626, 90119)
(15626, 91073)
(15626, 94418)
(15626, 94870)
(15626, 94993)
(15626, 95006)
(15626, 96460)
(15626, 97007)
(15626, 97044)
(15626, 97446)
(15626, 98731)
(16053, 17002)
(16053, 18795)
(16053, 19523)
(16053, 20161)
(16053, 21548)
(16053, 22890)
(16053, 24636)
(16053, 25577)
(16053, 31800)
(16053, 32068)
(16053, 32269)
(16053, 33747)
(16053, 34941)
(16053, 36169)
(16053, 37213)
(16053, 37668)
(16053, 39535)
(16053, 40062)
(16053, 46625)
(16053, 46843)
(16053, 48323)
(16053, 48987)
(16053, 52477)
(16053, 54945)
(16053, 55947)
(16053, 56295)
(16053, 56954)
(16053, 57218)
(16053, 58512)
(16053, 59083)
(16053, 64959)
(16053, 65984)
(16053, 66606)
(16053, 68144)
(16053, 68289)
(16053, 68721)
(16053, 69042)
(16053, 73621)
(16053, 75139)
(16053, 79706)
(16053, 82143)
(16053, 82716)
(16053, 85683)
(16053, 86046)
(16053, 87757)
(16053, 88007)
(16053, 89807)
(16053, 90119)
(16053, 91073)
(16053, 94418)
(16053, 94870)
(16053, 94993)
(16053, 95006)
(16053, 96460)
(16053, 97007)
(16053, 97044)
(16053, 97446)
(16053, 98731)
(17002, 18795)
(17002, 19523)
(17002, 20161)
(17002, 21548)
(17002, 22890)
(17002, 24636)
(17002, 25577)
(17002, 31800)
(17002, 32068)
(17002, 32269)
(17002, 33747)
(17002, 34941)
(17002, 36169)
(17002, 37213)
(17002, 37668)
(17002, 39535)
(17002, 40062)
(17002, 46625)
(17002, 46843)
(17002, 48323)
(17002, 48987)
(17002, 52477)
(17002, 54945)
(17002, 55947)
(17002, 56295)
(17002, 56954)
(17002, 57218)
(17002, 58512)
(17002, 59083)
(17002, 64959)
(17002, 65984)
(17002, 66606)
(17002, 68144)
(17002, 68289)
(17002, 68721)
(17002, 69042)
(17002, 73621)
(17002, 75139)
(17002, 79706)
(17002, 82143)
(17002, 82716)
(17002, 85683)
(17002, 86046)
(17002, 87757)
(17002, 88007)
(17002, 89807)
(17002, 90119)
(17002, 91073)
(17002, 94418)
(17002, 94870)
(17002, 94993)
(17002, 95006)
(17002, 96460)
(17002, 97007)
(17002, 97044)
(17002, 97446)
(17002, 98731)
(18795, 19523)
(18795, 20161)
(18795, 21548)
(18795, 22890)
(18795, 24636)
(18795, 25577)
(18795, 31800)
(18795, 32068)
(18795, 32269)
(18795, 33747)
(18795, 34941)
(18795, 36169)
(18795, 37213)
(18795, 37668)
(18795, 39535)
(18795, 40062)
(18795, 46625)
(18795, 46843)
(18795, 48323)
(18795, 48987)
(18795, 52477)
(18795, 54945)
(18795, 55947)
(18795, 56295)
(18795, 56954)
(18795, 57218)
(18795, 58512)
(18795, 59083)
(18795, 64959)
(18795, 65984)
(18795, 66606)
(18795, 68144)
(18795, 68289)
(18795, 68721)
(18795, 69042)
(18795, 73621)
(18795, 75139)
(18795, 79706)
(18795, 82143)
(18795, 82716)
(18795, 85683)
(18795, 86046)
(18795, 87757)
(18795, 88007)
(18795, 89807)
(18795, 90119)
(18795, 91073)
(18795, 94418)
(18795, 94870)
(18795, 94993)
(18795, 95006)
(18795, 96460)
(18795, 97007)
(18795, 97044)
(18795, 97446)
(18795, 98731)
(19523, 20161)
(19523, 21548)
(19523, 22890)
(19523, 24636)
(19523, 25577)
(19523, 31800)
(19523, 32068)
(19523, 32269)
(19523, 33747)
(19523, 34941)
(19523, 36169)
(19523, 37213)
(19523, 37668)
(19523, 39535)
(19523, 40062)
(19523, 46625)
(19523, 46843)
(19523, 48323)
(19523, 48987)
(19523, 52477)
(19523, 54945)
(19523, 55947)
(19523, 56295)
(19523, 56954)
(19523, 57218)
(19523, 58512)
(19523, 59083)
(19523, 64959)
(19523, 65984)
(19523, 66606)
(19523, 68144)
(19523, 68289)
(19523, 68721)
(19523, 69042)
(19523, 73621)
(19523, 75139)
(19523, 79706)
(19523, 82143)
(19523, 82716)
(19523, 85683)
(19523, 86046)
(19523, 87757)
(19523, 88007)
(19523, 89807)
(19523, 90119)
(19523, 91073)
(19523, 94418)
(19523, 94870)
(19523, 94993)
(19523, 95006)
(19523, 96460)
(19523, 97007)
(19523, 97044)
(19523, 97446)
(19523, 98731)
(20161, 21548)
(20161, 22890)
(20161, 24636)
(20161, 25577)
(20161, 31800)
(20161, 32068)
(20161, 32269)
(20161, 33747)
(20161, 34941)
(20161, 36169)
(20161, 37213)
(20161, 37668)
(20161, 39535)
(20161, 40062)
(20161, 46625)
(20161, 46843)
(20161, 48323)
(20161, 48987)
(20161, 52477)
(20161, 54945)
(20161, 55947)
(20161, 56295)
(20161, 56954)
(20161, 57218)
(20161, 58512)
(20161, 59083)
(20161, 64959)
(20161, 65984)
(20161, 66606)
(20161, 68144)
(20161, 68289)
(20161, 68721)
(20161, 69042)
(20161, 73621)
(20161, 75139)
(20161, 79706)
(20161, 82143)
(20161, 82716)
(20161, 85683)
(20161, 86046)
(20161, 87757)
(20161, 88007)
(20161, 89807)
(20161, 90119)
(20161, 91073)
(20161, 94418)
(20161, 94870)
(20161, 94993)
(20161, 95006)
(20161, 96460)
(20161, 97007)
(20161, 97044)
(20161, 97446)
(20161, 98731)
(21548, 22890)
(21548, 24636)
(21548, 25577)
(21548, 31800)
(21548, 32068)
(21548, 32269)
(21548, 33747)
(21548, 34941)
(21548, 36169)
(21548, 37213)
(21548, 37668)
(21548, 39535)
(21548, 40062)
(21548, 46625)
(21548, 46843)
(21548, 48323)
(21548, 48987)
(21548, 52477)
(21548, 54945)
(21548, 55947)
(21548, 56295)
(21548, 56954)
(21548, 57218)
(21548, 58512)
(21548, 59083)
(21548, 64959)
(21548, 65984)
(21548, 66606)
(21548, 68144)
(21548, 68289)
(21548, 68721)
(21548, 69042)
(21548, 73621)
(21548, 75139)
(21548, 79706)
(21548, 82143)
(21548, 82716)
(21548, 85683)
(21548, 86046)
(21548, 87757)
(21548, 88007)
(21548, 89807)
(21548, 90119)
(21548, 91073)
(21548, 94418)
(21548, 94870)
(21548, 94993)
(21548, 95006)
(21548, 96460)
(21548, 97007)
(21548, 97044)
(21548, 97446)
(21548, 98731)
(22890, 24636)
(22890, 25577)
(22890, 31800)
(22890, 32068)
(22890, 32269)
(22890, 33747)
(22890, 34941)
(22890, 36169)
(22890, 37213)
(22890, 37668)
(22890, 39535)
(22890, 40062)
(22890, 46625)
(22890, 46843)
(22890, 48323)
(22890, 48987)
(22890, 52477)
(22890, 54945)
(22890, 55947)
(22890, 56295)
(22890, 56954)
(22890, 57218)
(22890, 58512)
(22890, 59083)
(22890, 64959)
(22890, 65984)
(22890, 66606)
(22890, 68144)
(22890, 68289)
(22890, 68721)
(22890, 69042)
(22890, 73621)
(22890, 75139)
(22890, 79706)
(22890, 82143)
(22890, 82716)
(22890, 85683)
(22890, 86046)
(22890, 87757)
(22890, 88007)
(22890, 89807)
(22890, 90119)
(22890, 91073)
(22890, 94418)
(22890, 94870)
(22890, 94993)
(22890, 95006)
(22890, 96460)
(22890, 97007)
(22890, 97044)
(22890, 97446)
(22890, 98731)
(24636, 25577)
(24636, 31800)
(24636, 32068)
(24636, 32269)
(24636, 33747)
(24636, 34941)
(24636, 36169)
(24636, 37213)
(24636, 37668)
(24636, 39535)
(24636, 40062)
(24636, 46625)
(24636, 46843)
(24636, 48323)
(24636, 48987)
(24636, 52477)
(24636, 54945)
(24636, 55947)
(24636, 56295)
(24636, 56954)
(24636, 57218)
(24636, 58512)
(24636, 59083)
(24636, 64959)
(24636, 65984)
(24636, 66606)
(24636, 68144)
(24636, 68289)
(24636, 68721)
(24636, 69042)
(24636, 73621)
(24636, 75139)
(24636, 79706)
(24636, 82143)
(24636, 82716)
(24636, 85683)
(24636, 86046)
(24636, 87757)
(24636, 88007)
(24636, 89807)
(24636, 90119)
(24636, 91073)
(24636, 94418)
(24636, 94870)
(24636, 94993)
(24636, 95006)
(24636, 96460)
(24636, 97007)
(24636, 97044)
(24636, 97446)
(24636, 98731)
(25577, 31800)
(25577, 32068)
(25577, 32269)
(25577, 33747)
(25577, 34941)
(25577, 36169)
(25577, 37213)
(25577, 37668)
(25577, 39535)
(25577, 40062)
(25577, 46625)
(25577, 46843)
(25577, 48323)
(25577, 48987)
(25577, 52477)
(25577, 54945)
(25577, 55947)
(25577, 56295)
(25577, 56954)
(25577, 57218)
(25577, 58512)
(25577, 59083)
(25577, 64959)
(25577, 65984)
(25577, 66606)
(25577, 68144)
(25577, 68289)
(25577, 68721)
(25577, 69042)
(25577, 73621)
(25577, 75139)
(25577, 79706)
(25577, 82143)
(25577, 82716)
(25577, 85683)
(25577, 86046)
(25577, 87757)
(25577, 88007)
(25577, 89807)
(25577, 90119)
(25577, 91073)
(25577, 94418)
(25577, 94870)
(25577, 94993)
(25577, 95006)
(25577, 96460)
(25577, 97007)
(25577, 97044)
(25577, 97446)
(25577, 98731)
(31800, 32068)
(31800, 32269)
(31800, 33747)
(31800, 34941)
(31800, 36169)
(31800, 37213)
(31800, 37668)
(31800, 39535)
(31800, 40062)
(31800, 46625)
(31800, 46843)
(31800, 48323)
(31800, 48987)
(31800, 52477)
(31800, 54945)
(31800, 55947)
(31800, 56295)
(31800, 56954)
(31800, 57218)
(31800, 58512)
(31800, 59083)
(31800, 64959)
(31800, 65984)
(31800, 66606)
(31800, 68144)
(31800, 68289)
(31800, 68721)
(31800, 69042)
(31800, 73621)
(31800, 75139)
(31800, 79706)
(31800, 82143)
(31800, 82716)
(31800, 85683)
(31800, 86046)
(31800, 87757)
(31800, 88007)
(31800, 89807)
(31800, 90119)
(31800, 91073)
(31800, 94418)
(31800, 94870)
(31800, 94993)
(31800, 95006)
(31800, 96460)
(31800, 97007)
(31800, 97044)
(31800, 97446)
(31800, 98731)
(32068, 32269)
(32068, 33747)
(32068, 34941)
(32068, 36169)
(32068, 37213)
(32068, 37668)
(32068, 39535)
(32068, 40062)
(32068, 46625)
(32068, 46843)
(32068, 48323)
(32068, 48987)
(32068, 52477)
(32068, 54945)
(32068, 55947)
(32068, 56295)
(32068, 56954)
(32068, 57218)
(32068, 58512)
(32068, 59083)
(32068, 64959)
(32068, 65984)
(32068, 66606)
(32068, 68144)
(32068, 68289)
(32068, 68721)
(32068, 69042)
(32068, 73621)
(32068, 75139)
(32068, 79706)
(32068, 82143)
(32068, 82716)
(32068, 85683)
(32068, 86046)
(32068, 87757)
(32068, 88007)
(32068, 89807)
(32068, 90119)
(32068, 91073)
(32068, 94418)
(32068, 94870)
(32068, 94993)
(32068, 95006)
(32068, 96460)
(32068, 97007)
(32068, 97044)
(32068, 97446)
(32068, 98731)
(32269, 33747)
(32269, 34941)
(32269, 36169)
(32269, 37213)
(32269, 37668)
(32269, 39535)
(32269, 40062)
(32269, 46625)
(32269, 46843)
(32269, 48323)
(32269, 48987)
(32269, 52477)
(32269, 54945)
(32269, 55947)
(32269, 56295)
(32269, 56954)
(32269, 57218)
(32269, 58512)
(32269, 59083)
(32269, 64959)
(32269, 65984)
(32269, 66606)
(32269, 68144)
(32269, 68289)
(32269, 68721)
(32269, 69042)
(32269, 73621)
(32269, 75139)
(32269, 79706)
(32269, 82143)
(32269, 82716)
(32269, 85683)
(32269, 86046)
(32269, 87757)
(32269, 88007)
(32269, 89807)
(32269, 90119)
(32269, 91073)
(32269, 94418)
(32269, 94870)
(32269, 94993)
(32269, 95006)
(32269, 96460)
(32269, 97007)
(32269, 97044)
(32269, 97446)
(32269, 98731)
(33747, 34941)
(33747, 36169)
(33747, 37213)
(33747, 37668)
(33747, 39535)
(33747, 40062)
(33747, 46625)
(33747, 46843)
(33747, 48323)
(33747, 48987)
(33747, 52477)
(33747, 54945)
(33747, 55947)
(33747, 56295)
(33747, 56954)
(33747, 57218)
(33747, 58512)
(33747, 59083)
(33747, 64959)
(33747, 65984)
(33747, 66606)
(33747, 68144)
(33747, 68289)
(33747, 68721)
(33747, 69042)
(33747, 73621)
(33747, 75139)
(33747, 79706)
(33747, 82143)
(33747, 82716)
(33747, 85683)
(33747, 86046)
(33747, 87757)
(33747, 88007)
(33747, 89807)
(33747, 90119)
(33747, 91073)
(33747, 94418)
(33747, 94870)
(33747, 94993)
(33747, 95006)
(33747, 96460)
(33747, 97007)
(33747, 97044)
(33747, 97446)
(33747, 98731)
(34941, 36169)
(34941, 37213)
(34941, 37668)
(34941, 39535)
(34941, 40062)
(34941, 46625)
(34941, 46843)
(34941, 48323)
(34941, 48987)
(34941, 52477)
(34941, 54945)
(34941, 55947)
(34941, 56295)
(34941, 56954)
(34941, 57218)
(34941, 58512)
(34941, 59083)
(34941, 64959)
(34941, 65984)
(34941, 66606)
(34941, 68144)
(34941, 68289)
(34941, 68721)
(34941, 69042)
(34941, 73621)
(34941, 75139)
(34941, 79706)
(34941, 82143)
(34941, 82716)
(34941, 85683)
(34941, 86046)
(34941, 87757)
(34941, 88007)
(34941, 89807)
(34941, 90119)
(34941, 91073)
(34941, 94418)
(34941, 94870)
(34941, 94993)
(34941, 95006)
(34941, 96460)
(34941, 97007)
(34941, 97044)
(34941, 97446)
(34941, 98731)
(36169, 37213)
(36169, 37668)
(36169, 39535)
(36169, 40062)
(36169, 46625)
(36169, 46843)
(36169, 48323)
(36169, 48987)
(36169, 52477)
(36169, 54945)
(36169, 55947)
(36169, 56295)
(36169, 56954)
(36169, 57218)
(36169, 58512)
(36169, 59083)
(36169, 64959)
(36169, 65984)
(36169, 66606)
(36169, 68144)
(36169, 68289)
(36169, 68721)
(36169, 69042)
(36169, 73621)
(36169, 75139)
(36169, 79706)
(36169, 82143)
(36169, 82716)
(36169, 85683)
(36169, 86046)
(36169, 87757)
(36169, 88007)
(36169, 89807)
(36169, 90119)
(36169, 91073)
(36169, 94418)
(36169, 94870)
(36169, 94993)
(36169, 95006)
(36169, 96460)
(36169, 97007)
(36169, 97044)
(36169, 97446)
(36169, 98731)
(37213, 37668)
(37213, 39535)
(37213, 40062)
(37213, 46625)
(37213, 46843)
(37213, 48323)
(37213, 48987)
(37213, 52477)
(37213, 54945)
(37213, 55947)
(37213, 56295)
(37213, 56954)
(37213, 57218)
(37213, 58512)
(37213, 59083)
(37213, 64959)
(37213, 65984)
(37213, 66606)
(37213, 68144)
(37213, 68289)
(37213, 68721)
(37213, 69042)
(37213, 73621)
(37213, 75139)
(37213, 79706)
(37213, 82143)
(37213, 82716)
(37213, 85683)
(37213, 86046)
(37213, 87757)
(37213, 88007)
(37213, 89807)
(37213, 90119)
(37213, 91073)
(37213, 94418)
(37213, 94870)
(37213, 94993)
(37213, 95006)
(37213, 96460)
(37213, 97007)
(37213, 97044)
(37213, 97446)
(37213, 98731)
(37668, 39535)
(37668, 40062)
(37668, 46625)
(37668, 46843)
(37668, 48323)
(37668, 48987)
(37668, 52477)
(37668, 54945)
(37668, 55947)
(37668, 56295)
(37668, 56954)
(37668, 57218)
(37668, 58512)
(37668, 59083)
(37668, 64959)
(37668, 65984)
(37668, 66606)
(37668, 68144)
(37668, 68289)
(37668, 68721)
(37668, 69042)
(37668, 73621)
(37668, 75139)
(37668, 79706)
(37668, 82143)
(37668, 82716)
(37668, 85683)
(37668, 86046)
(37668, 87757)
(37668, 88007)
(37668, 89807)
(37668, 90119)
(37668, 91073)
(37668, 94418)
(37668, 94870)
(37668, 94993)
(37668, 95006)
(37668, 96460)
(37668, 97007)
(37668, 97044)
(37668, 97446)
(37668, 98731)
(39535, 40062)
(39535, 46625)
(39535, 46843)
(39535, 48323)
(39535, 48987)
(39535, 52477)
(39535, 54945)
(39535, 55947)
(39535, 56295)
(39535, 56954)
(39535, 57218)
(39535, 58512)
(39535, 59083)
(39535, 64959)
(39535, 65984)
(39535, 66606)
(39535, 68144)
(39535, 68289)
(39535, 68721)
(39535, 69042)
(39535, 73621)
(39535, 75139)
(39535, 79706)
(39535, 82143)
(39535, 82716)
(39535, 85683)
(39535, 86046)
(39535, 87757)
(39535, 88007)
(39535, 89807)
(39535, 90119)
(39535, 91073)
(39535, 94418)
(39535, 94870)
(39535, 94993)
(39535, 95006)
(39535, 96460)
(39535, 97007)
(39535, 97044)
(39535, 97446)
(39535, 98731)
(40062, 46625)
(40062, 46843)
(40062, 48323)
(40062, 48987)
(40062, 52477)
(40062, 54945)
(40062, 55947)
(40062, 56295)
(40062, 56954)
(40062, 57218)
(40062, 58512)
(40062, 59083)
(40062, 64959)
(40062, 65984)
(40062, 66606)
(40062, 68144)
(40062, 68289)
(40062, 68721)
(40062, 69042)
(40062, 73621)
(40062, 75139)
(40062, 79706)
(40062, 82143)
(40062, 82716)
(40062, 85683)
(40062, 86046)
(40062, 87757)
(40062, 88007)
(40062, 89807)
(40062, 90119)
(40062, 91073)
(40062, 94418)
(40062, 94870)
(40062, 94993)
(40062, 95006)
(40062, 96460)
(40062, 97007)
(40062, 97044)
(40062, 97446)
(40062, 98731)
(46625, 46843)
(46625, 48323)
(46625, 48987)
(46625, 52477)
(46625, 54945)
(46625, 55947)
(46625, 56295)
(46625, 56954)
(46625, 57218)
(46625, 58512)
(46625, 59083)
(46625, 64959)
(46625, 65984)
(46625, 66606)
(46625, 68144)
(46625, 68289)
(46625, 68721)
(46625, 69042)
(46625, 73621)
(46625, 75139)
(46625, 79706)
(46625, 82143)
(46625, 82716)
(46625, 85683)
(46625, 86046)
(46625, 87757)
(46625, 88007)
(46625, 89807)
(46625, 90119)
(46625, 91073)
(46625, 94418)
(46625, 94870)
(46625, 94993)
(46625, 95006)
(46625, 96460)
(46625, 97007)
(46625, 97044)
(46625, 97446)
(46625, 98731)
(46843, 48323)
(46843, 48987)
(46843, 52477)
(46843, 54945)
(46843, 55947)
(46843, 56295)
(46843, 56954)
(46843, 57218)
(46843, 58512)
(46843, 59083)
(46843, 64959)
(46843, 65984)
(46843, 66606)
(46843, 68144)
(46843, 68289)
(46843, 68721)
(46843, 69042)
(46843, 73621)
(46843, 75139)
(46843, 79706)
(46843, 82143)
(46843, 82716)
(46843, 85683)
(46843, 86046)
(46843, 87757)
(46843, 88007)
(46843, 89807)
(46843, 90119)
(46843, 91073)
(46843, 94418)
(46843, 94870)
(46843, 94993)
(46843, 95006)
(46843, 96460)
(46843, 97007)
(46843, 97044)
(46843, 97446)
(46843, 98731)
(48323, 48987)
(48323, 52477)
(48323, 54945)
(48323, 55947)
(48323, 56295)
(48323, 56954)
(48323, 57218)
(48323, 58512)
(48323, 59083)
(48323, 64959)
(48323, 65984)
(48323, 66606)
(48323, 68144)
(48323, 68289)
(48323, 68721)
(48323, 69042)
(48323, 73621)
(48323, 75139)
(48323, 79706)
(48323, 82143)
(48323, 82716)
(48323, 85683)
(48323, 86046)
(48323, 87757)
(48323, 88007)
(48323, 89807)
(48323, 90119)
(48323, 91073)
(48323, 94418)
(48323, 94870)
(48323, 94993)
(48323, 95006)
(48323, 96460)
(48323, 97007)
(48323, 97044)
(48323, 97446)
(48323, 98731)
(48987, 52477)
(48987, 54945)
(48987, 55947)
(48987, 56295)
(48987, 56954)
(48987, 57218)
(48987, 58512)
(48987, 59083)
(48987, 64959)
(48987, 65984)
(48987, 66606)
(48987, 68144)
(48987, 68289)
(48987, 68721)
(48987, 69042)
(48987, 73621)
(48987, 75139)
(48987, 79706)
(48987, 82143)
(48987, 82716)
(48987, 85683)
(48987, 86046)
(48987, 87757)
(48987, 88007)
(48987, 89807)
(48987, 90119)
(48987, 91073)
(48987, 94418)
(48987, 94870)
(48987, 94993)
(48987, 95006)
(48987, 96460)
(48987, 97007)
(48987, 97044)
(48987, 97446)
(48987, 98731)
(52477, 54945)
(52477, 55947)
(52477, 56295)
(52477, 56954)
(52477, 57218)
(52477, 58512)
(52477, 59083)
(52477, 64959)
(52477, 65984)
(52477, 66606)
(52477, 68144)
(52477, 68289)
(52477, 68721)
(52477, 69042)
(52477, 73621)
(52477, 75139)
(52477, 79706)
(52477, 82143)
(52477, 82716)
(52477, 85683)
(52477, 86046)
(52477, 87757)
(52477, 88007)
(52477, 89807)
(52477, 90119)
(52477, 91073)
(52477, 94418)
(52477, 94870)
(52477, 94993)
(52477, 95006)
(52477, 96460)
(52477, 97007)
(52477, 97044)
(52477, 97446)
(52477, 98731)
(54945, 55947)
(54945, 56295)
(54945, 56954)
(54945, 57218)
(54945, 58512)
(54945, 59083)
(54945, 64959)
(54945, 65984)
(54945, 66606)
(54945, 68144)
(54945, 68289)
(54945, 68721)
(54945, 69042)
(54945, 73621)
(54945, 75139)
(54945, 79706)
(54945, 82143)
(54945, 82716)
(54945, 85683)
(54945, 86046)
(54945, 87757)
(54945, 88007)
(54945, 89807)
(54945, 90119)
(54945, 91073)
(54945, 94418)
(54945, 94870)
(54945, 94993)
(54945, 95006)
(54945, 96460)
(54945, 97007)
(54945, 97044)
(54945, 97446)
(54945, 98731)
(55947, 56295)
(55947, 56954)
(55947, 57218)
(55947, 58512)
(55947, 59083)
(55947, 64959)
(55947, 65984)
(55947, 66606)
(55947, 68144)
(55947, 68289)
(55947, 68721)
(55947, 69042)
(55947, 73621)
(55947, 75139)
(55947, 79706)
(55947, 82143)
(55947, 82716)
(55947, 85683)
(55947, 86046)
(55947, 87757)
(55947, 88007)
(55947, 89807)
(55947, 90119)
(55947, 91073)
(55947, 94418)
(55947, 94870)
(55947, 94993)
(55947, 95006)
(55947, 96460)
(55947, 97007)
(55947, 97044)
(55947, 97446)
(55947, 98731)
(56295, 56954)
(56295, 57218)
(56295, 58512)
(56295, 59083)
(56295, 64959)
(56295, 65984)
(56295, 66606)
(56295, 68144)
(56295, 68289)
(56295, 68721)
(56295, 69042)
(56295, 73621)
(56295, 75139)
(56295, 79706)
(56295, 82143)
(56295, 82716)
(56295, 85683)
(56295, 86046)
(56295, 87757)
(56295, 88007)
(56295, 89807)
(56295, 90119)
(56295, 91073)
(56295, 94418)
(56295, 94870)
(56295, 94993)
(56295, 95006)
(56295, 96460)
(56295, 97007)
(56295, 97044)
(56295, 97446)
(56295, 98731)
(56954, 57218)
(56954, 58512)
(56954, 59083)
(56954, 64959)
(56954, 65984)
(56954, 66606)
(56954, 68144)
(56954, 68289)
(56954, 68721)
(56954, 69042)
(56954, 73621)
(56954, 75139)
(56954, 79706)
(56954, 82143)
(56954, 82716)
(56954, 85683)
(56954, 86046)
(56954, 87757)
(56954, 88007)
(56954, 89807)
(56954, 90119)
(56954, 91073)
(56954, 94418)
(56954, 94870)
(56954, 94993)
(56954, 95006)
(56954, 96460)
(56954, 97007)
(56954, 97044)
(56954, 97446)
(56954, 98731)
(57218, 58512)
(57218, 59083)
(57218, 64959)
(57218, 65984)
(57218, 66606)
(57218, 68144)
(57218, 68289)
(57218, 68721)
(57218, 69042)
(57218, 73621)
(57218, 75139)
(57218, 79706)
(57218, 82143)
(57218, 82716)
(57218, 85683)
(57218, 86046)
(57218, 87757)
(57218, 88007)
(57218, 89807)
(57218, 90119)
(57218, 91073)
(57218, 94418)
(57218, 94870)
(57218, 94993)
(57218, 95006)
(57218, 96460)
(57218, 97007)
(57218, 97044)
(57218, 97446)
(57218, 98731)
(58512, 59083)
(58512, 64959)
(58512, 65984)
(58512, 66606)
(58512, 68144)
(58512, 68289)
(58512, 68721)
(58512, 69042)
(58512, 73621)
(58512, 75139)
(58512, 79706)
(58512, 82143)
(58512, 82716)
(58512, 85683)
(58512, 86046)
(58512, 87757)
(58512, 88007)
(58512, 89807)
(58512, 90119)
(58512, 91073)
(58512, 94418)
(58512, 94870)
(58512, 94993)
(58512, 95006)
(58512, 96460)
(58512, 97007)
(58512, 97044)
(58512, 97446)
(58512, 98731)
(59083, 64959)
(59083, 65984)
(59083, 66606)
(59083, 68144)
(59083, 68289)
(59083, 68721)
(59083, 69042)
(59083, 73621)
(59083, 75139)
(59083, 79706)
(59083, 82143)
(59083, 82716)
(59083, 85683)
(59083, 86046)
(59083, 87757)
(59083, 88007)
(59083, 89807)
(59083, 90119)
(59083, 91073)
(59083, 94418)
(59083, 94870)
(59083, 94993)
(59083, 95006)
(59083, 96460)
(59083, 97007)
(59083, 97044)
(59083, 97446)
(59083, 98731)
(64959, 65984)
(64959, 66606)
(64959, 68144)
(64959, 68289)
(64959, 68721)
(64959, 69042)
(64959, 73621)
(64959, 75139)
(64959, 79706)
(64959, 82143)
(64959, 82716)
(64959, 85683)
(64959, 86046)
(64959, 87757)
(64959, 88007)
(64959, 89807)
(64959, 90119)
(64959, 91073)
(64959, 94418)
(64959, 94870)
(64959, 94993)
(64959, 95006)
(64959, 96460)
(64959, 97007)
(64959, 97044)
(64959, 97446)
(64959, 98731)
(65984, 66606)
(65984, 68144)
(65984, 68289)
(65984, 68721)
(65984, 69042)
(65984, 73621)
(65984, 75139)
(65984, 79706)
(65984, 82143)
(65984, 82716)
(65984, 85683)
(65984, 86046)
(65984, 87757)
(65984, 88007)
(65984, 89807)
(65984, 90119)
(65984, 91073)
(65984, 94418)
(65984, 94870)
(65984, 94993)
(65984, 95006)
(65984, 96460)
(65984, 97007)
(65984, 97044)
(65984, 97446)
(65984, 98731)
(66606, 68144)
(66606, 68289)
(66606, 68721)
(66606, 69042)
(66606, 73621)
(66606, 75139)
(66606, 79706)
(66606, 82143)
(66606, 82716)
(66606, 85683)
(66606, 86046)
(66606, 87757)
(66606, 88007)
(66606, 89807)
(66606, 90119)
(66606, 91073)
(66606, 94418)
(66606, 94870)
(66606, 94993)
(66606, 95006)
(66606, 96460)
(66606, 97007)
(66606, 97044)
(66606, 97446)
(66606, 98731)
(68144, 68289)
(68144, 68721)
(68144, 69042)
(68144, 73621)
(68144, 75139)
(68144, 79706)
(68144, 82143)
(68144, 82716)
(68144, 85683)
(68144, 86046)
(68144, 87757)
(68144, 88007)
(68144, 89807)
(68144, 90119)
(68144, 91073)
(68144, 94418)
(68144, 94870)
(68144, 94993)
(68144, 95006)
(68144, 96460)
(68144, 97007)
(68144, 97044)
(68144, 97446)
(68144, 98731)
(68289, 68721)
(68289, 69042)
(68289, 73621)
(68289, 75139)
(68289, 79706)
(68289, 82143)
(68289, 82716)
(68289, 85683)
(68289, 86046)
(68289, 87757)
(68289, 88007)
(68289, 89807)
(68289, 90119)
(68289, 91073)
(68289, 94418)
(68289, 94870)
(68289, 94993)
(68289, 95006)
(68289, 96460)
(68289, 97007)
(68289, 97044)
(68289, 97446)
(68289, 98731)
(68721, 69042)
(68721, 73621)
(68721, 75139)
(68721, 79706)
(68721, 82143)
(68721, 82716)
(68721, 85683)
(68721, 86046)
(68721, 87757)
(68721, 88007)
(68721, 89807)
(68721, 90119)
(68721, 91073)
(68721, 94418)
(68721, 94870)
(68721, 94993)
(68721, 95006)
(68721, 96460)
(68721, 97007)
(68721, 97044)
(68721, 97446)
(68721, 98731)
(69042, 73621)
(69042, 75139)
(69042, 79706)
(69042, 82143)
(69042, 82716)
(69042, 85683)
(69042, 86046)
(69042, 87757)
(69042, 88007)
(69042, 89807)
(69042, 90119)
(69042, 91073)
(69042, 94418)
(69042, 94870)
(69042, 94993)
(69042, 95006)
(69042, 96460)
(69042, 97007)
(69042, 97044)
(69042, 97446)
(69042, 98731)
(73621, 75139)
(73621, 79706)
(73621, 82143)
(73621, 82716)
(73621, 85683)
(73621, 86046)
(73621, 87757)
(73621, 88007)
(73621, 89807)
(73621, 90119)
(73621, 91073)
(73621, 94418)
(73621, 94870)
(73621, 94993)
(73621, 95006)
(73621, 96460)
(73621, 97007)
(73621, 97044)
(73621, 97446)
(73621, 98731)
(75139, 79706)
(75139, 82143)
(75139, 82716)
(75139, 85683)
(75139, 86046)
(75139, 87757)
(75139, 88007)
(75139, 89807)
(75139, 90119)
(75139, 91073)
(75139, 94418)
(75139, 94870)
(75139, 94993)
(75139, 95006)
(75139, 96460)
(75139, 97007)
(75139, 97044)
(75139, 97446)
(75139, 98731)
(79706, 82143)
(79706, 82716)
(79706, 85683)
(79706, 86046)
(79706, 87757)
(79706, 88007)
(79706, 89807)
(79706, 90119)
(79706, 91073)
(79706, 94418)
(79706, 94870)
(79706, 94993)
(79706, 95006)
(79706, 96460)
(79706, 97007)
(79706, 97044)
(79706, 97446)
(79706, 98731)
(82143, 82716)
(82143, 85683)
(82143, 86046)
(82143, 87757)
(82143, 88007)
(82143, 89807)
(82143, 90119)
(82143, 91073)
(82143, 94418)
(82143, 94870)
(82143, 94993)
(82143, 95006)
(82143, 96460)
(82143, 97007)
(82143, 97044)
(82143, 97446)
(82143, 98731)
(82716, 85683)
(82716, 86046)
(82716, 87757)
(82716, 88007)
(82716, 89807)
(82716, 90119)
(82716, 91073)
(82716, 94418)
(82716, 94870)
(82716, 94993)
(82716, 95006)
(82716, 96460)
(82716, 97007)
(82716, 97044)
(82716, 97446)
(82716, 98731)
(85683, 86046)
(85683, 87757)
(85683, 88007)
(85683, 89807)
(85683, 90119)
(85683, 91073)
(85683, 94418)
(85683, 94870)
(85683, 94993)
(85683, 95006)
(85683, 96460)
(85683, 97007)
(85683, 97044)
(85683, 97446)
(85683, 98731)
(86046, 87757)
(86046, 88007)
(86046, 89807)
(86046, 90119)
(86046, 91073)
(86046, 94418)
(86046, 94870)
(86046, 94993)
(86046, 95006)
(86046, 96460)
(86046, 97007)
(86046, 97044)
(86046, 97446)
(86046, 98731)
(87757, 88007)
(87757, 89807)
(87757, 90119)
(87757, 91073)
(87757, 94418)
(87757, 94870)
(87757, 94993)
(87757, 95006)
(87757, 96460)
(87757, 97007)
(87757, 97044)
(87757, 97446)
(87757, 98731)
(88007, 89807)
(88007, 90119)
(88007, 91073)
(88007, 94418)
(88007, 94870)
(88007, 94993)
(88007, 95006)
(88007, 96460)
(88007, 97007)
(88007, 97044)
(88007, 97446)
(88007, 98731)
(89807, 90119)
(89807, 91073)
(89807, 94418)
(89807, 94870)
(89807, 94993)
(89807, 95006)
(89807, 96460)
(89807, 97007)
(89807, 97044)
(89807, 97446)
(89807, 98731)
(90119, 91073)
(90119, 94418)
(90119, 94870)
(90119, 94993)
(90119, 95006)
(90119, 96460)
(90119, 97007)
(90119, 97044)
(90119, 97446)
(90119, 98731)
(91073, 94418)
(91073, 94870)
(91073, 94993)
(91073, 95006)
(91073, 96460)
(91073, 97007)
(91073, 97044)
(91073, 97446)
(91073, 98731)
(94418, 94870)
(94418, 94993)
(94418, 95006)
(94418, 96460)
(94418, 97007)
(94418, 97044)
(94418, 97446)
(94418, 98731)
(94870, 94993)
(94870, 95006)
(94870, 96460)
(94870, 97007)
(94870, 97044)
(94870, 97446)
(94870, 98731)
(94993, 95006)
(94993, 96460)
(94993, 97007)
(94993, 97044)
(94993, 97446)
(94993, 98731)
(95006, 96460)
(95006, 97007)
(95006, 97044)
(95006, 97446)
(95006, 98731)
(96460, 97007)
(96460, 97044)
(96460, 97446)
(96460, 98731)
(97007, 97044)
(97007, 97446)
(97007, 98731)
(97044, 97446)
(97044, 98731)
(97446, 98731)